2.275000e+00  0.000000e+00 0.000000e+00  2.960000e-02  1.280820e-03 1.280820e-03 
2.535000e+00  0.000000e+00 0.000000e+00  2.740000e-02  1.097315e-03 1.097315e-03 
2.820000e+00  0.000000e+00 0.000000e+00  2.580000e-02  9.771898e-04 9.771898e-04 
3.130000e+00  0.000000e+00 0.000000e+00  2.340000e-02  8.602325e-04 8.602325e-04 
3.465000e+00  0.000000e+00 0.000000e+00  2.100000e-02  7.528612e-04 7.528612e-04 
3.830000e+00  0.000000e+00 0.000000e+00  1.820000e-02  6.360031e-04 6.360031e-04 
4.225000e+00  0.000000e+00 0.000000e+00  1.540000e-02  5.316014e-04 5.316014e-04 
4.655000e+00  0.000000e+00 0.000000e+00  1.310000e-02  4.464303e-04 4.464303e-04 
5.125000e+00  0.000000e+00 0.000000e+00  1.090000e-02  3.736308e-04 3.736308e-04 
5.635000e+00  0.000000e+00 0.000000e+00  8.940000e-03  3.035671e-04 3.035671e-04 
6.185000e+00  0.000000e+00 0.000000e+00  7.380000e-03  2.506831e-04 2.506831e-04 
6.780000e+00  0.000000e+00 0.000000e+00  6.030000e-03  2.048048e-04 2.048048e-04 
7.425000e+00  0.000000e+00 0.000000e+00  4.880000e-03  1.655204e-04 1.655204e-04 
8.120000e+00  0.000000e+00 0.000000e+00  3.950000e-03  1.344805e-04 1.344805e-04 
8.870000e+00  0.000000e+00 0.000000e+00  3.210000e-03  1.094806e-04 1.094806e-04 
9.680000e+00  0.000000e+00 0.000000e+00  2.610000e-03  8.918520e-05 8.918520e-05 
1.055000e+01  0.000000e+00 0.000000e+00  2.110000e-03  7.273239e-05 7.273239e-05 
1.150000e+01  0.000000e+00 0.000000e+00  1.660000e-03  5.818935e-05 5.818935e-05 
1.250000e+01  0.000000e+00 0.000000e+00  1.350000e-03  4.716991e-05 4.716991e-05 
1.355000e+01  0.000000e+00 0.000000e+00  1.100000e-03  3.862642e-05 3.862642e-05 
1.470000e+01  0.000000e+00 0.000000e+00  8.900000e-04  3.166212e-05 3.166212e-05 
1.595000e+01  0.000000e+00 0.000000e+00  7.140000e-04  2.557851e-05 2.557851e-05 
1.730000e+01  0.000000e+00 0.000000e+00  5.700000e-04  2.063226e-05 2.063226e-05 
1.875000e+01  0.000000e+00 0.000000e+00  4.510000e-04  1.650515e-05 1.650515e-05 
2.030000e+01  0.000000e+00 0.000000e+00  3.650000e-04  1.346180e-05 1.346180e-05 
2.195000e+01  0.000000e+00 0.000000e+00  2.920000e-04  1.086738e-05 1.086738e-05 
2.375000e+01  0.000000e+00 0.000000e+00  2.450000e-04  9.167879e-06 9.167879e-06 
2.570000e+01  0.000000e+00 0.000000e+00  1.870000e-04  7.111962e-06 7.111962e-06 
2.775000e+01  0.000000e+00 0.000000e+00  1.510000e-04  5.818075e-06 5.818075e-06 
3.115000e+01  0.000000e+00 0.000000e+00  1.080000e-04  3.900000e-06 3.900000e-06 
3.620000e+01  0.000000e+00 0.000000e+00  7.050000e-05  2.661766e-06 2.661766e-06 
4.200000e+01  0.000000e+00 0.000000e+00  4.620000e-05  1.811767e-06 1.811767e-06 
4.865000e+01  0.000000e+00 0.000000e+00  2.990000e-05  1.229675e-06 1.229675e-06 
5.625000e+01  0.000000e+00 0.000000e+00  1.920000e-05  8.323461e-07 8.323461e-07 
6.500000e+01  0.000000e+00 0.000000e+00  1.200000e-05  5.544367e-07 5.544367e-07 
7.510000e+01  0.000000e+00 0.000000e+00  7.770000e-06  3.842460e-07 3.842460e-07 
8.675000e+01  0.000000e+00 0.000000e+00  5.180000e-06  2.744157e-07 2.744157e-07 
1.005000e+02  0.000000e+00 0.000000e+00  2.990000e-06  1.763236e-07 1.763236e-07 
1.165000e+02  0.000000e+00 0.000000e+00  2.230000e-06  1.392013e-07 1.392013e-07 
1.360000e+02  0.000000e+00 0.000000e+00  1.440000e-06  9.544108e-08 9.544108e-08 
1.610000e+02  0.000000e+00 0.000000e+00  7.770000e-07  5.915006e-08 5.915006e-08 
1.930000e+02  0.000000e+00 0.000000e+00  4.420000e-07  3.820052e-08 3.820052e-08 
2.350000e+02  0.000000e+00 0.000000e+00  2.700000e-07  2.544661e-08 2.544661e-08 
2.945000e+02  0.000000e+00 0.000000e+00  1.500000e-07  1.552063e-08 1.552063e-08 
3.855000e+02  0.000000e+00 0.000000e+00  6.120000e-08  7.806260e-09 7.806260e-09 
5.505000e+02  0.000000e+00 0.000000e+00  2.220000e-08  3.386709e-09 3.386709e-09 
9.300000e+02  0.000000e+00 0.000000e+00  5.780000e-09  1.166190e-09 1.166190e-09 
2.050000e+03  0.000000e+00 0.000000e+00  3.800000e-10  3.535534e-10 3.535534e-10 
